emitter:
    size: [2.000000, 6.000000, 0.000000]
    name: "dust2"
    type: "oncircle"
    emissionVectorInverted: true
    shortEffect: false
    emissionVector: [0.000000, 0.000000, 0.010000]
    emissionRange: 180.000000
    radius: 3.000000
layer0:
    name: "dust3"
    enableFog: true
    sprite: "../../../../../../Data/Gfx/Particles/alpha/fog_white"
    type: "layer"
    isLong: false
    layerType: "particles"
    blending: 1
    degradeStrategy: 2
    pivotPoint: [0.000000, 0.000000]
    loopVariation: 0.000000
    enableFrameBlend: false
    scaleVelocityBase: 1.000000
    forceCount: 1
    scaleVelocityFactor: 0.000000
    life: 2.000000
    number:
        externalVariable: "amount"
        value_line: 2000.000000
        modification_line: [0.000000, 0.000000, 0.997000, 1.000000]
    spinVariation: 15.000000
    size: [1.000000, 1.000000]
    velocityVariation: 200.000000
    sizeOverLifeXY: [0.000000, [1.179200, 1.179200], 0.087700, [1.282900, 1.282900], 0.990000, [3.000000, 3.000000]]
    velocity: 20.000000
    velocityOverLife: [0.000000, 2.000000, 0.010000, 0.010000]
    spin: 50.000000
    randomSpinDirection: true
    alphaOverLife: [0.000000, 0.500000, 0.990000, 0.000000]
    colorOverLife: [179.000000, 132.000000, 81.000000, 255.000000]
    frameOverLifeEnabled: false
    frameOverLifeFPS: 0.000000
    randomFrameOnStart: false
    loopSpriteAnimation: true
    deltaTime: 0.000000
    startTime: 0.000000
    endTime: 0.050000
    isLooped: false
    deltaVariation: 0.000000
    loopEndTime: 100.000000
    inheritPosition: false
    particleOrientation: 1
    activeLODS: [0, 1, 0, 0]
    effectFormat: 1
    force0: [0.000000, 100.000000, 0.000000]
