emitter:
    size: [0.000000, 0.000000, 0.000000]
    name: "dust"
    type: "point"
    emissionVectorInverted: true
    shortEffect: false
    emissionAngle: 60.000000
    emissionRange: 90.000000
    emissionVector: [0.100000, -0.010000, 1.000000]
    radius: 2.000000
layer0:
    name: "dust"
    enableFog: true
    sprite: "../../../../../Data/Gfx/Particles/alpha/o2SMOKEB_one"
    type: "layer"
    lifeVariation: 3.000000
    isLong: false
    layerType: "particles"
    blending: 1
    degradeStrategy: 2
    pivotPoint: [0.000000, 0.000000]
    loopVariation: 0.000000
    angle: 180.000000
    enableFrameBlend: false
    scaleVelocityBase: 1.000000
    forceCount: 1
    scaleVelocityFactor: 0.000000
    life: 5.000000
    number: 20.000000
    size: [1.500000, 1.500000]
    sizeVariation: [1.000000, 1.000000]
    velocityVariation: 1.000000
    sizeOverLifeXY: [0.000000, [1.000000, 1.000000], 0.364900, [2.835400, 2.835400], 0.900000, [4.240400, 4.240400]]
    velocity: 1.000000
    velocityOverLife: [0.000000, 2.000000, 0.052500, 0.587800, 0.420000, 0.100000, 0.896300, 0.131400]
    spin: [0.000000, 5.000000, 0.300000, 0.000000]
    angleVariation: 180.000000
    spinOverLife: [0.000000, 1.000000, 0.300000, 0.000000]
    randomSpinDirection: false
    alphaOverLife: [0.000000, 0.000000, 0.050000, 1.000000, 0.424700, 0.484700, 0.799300, 0.000000, 0.990000, 0.000000]
    colorOverLife: [211.000000, 168.000000, 111.000000, 255.000000]
    frameOverLifeEnabled: false
    frameOverLifeFPS: 0.000000
    randomFrameOnStart: false
    loopSpriteAnimation: true
    deltaTime: 0.000000
    startTime: 0.000000
    endTime: 0.300000
    isLooped: false
    deltaVariation: 0.000000
    loopEndTime: 6.000000
    inheritPosition: false
    particleOrientation: 1
    activeLODS: [0, 1, 0, 0]
    effectFormat: 1
    force0: [0.000000, [0.000000, 0.000000, -2.000000], 0.300000, [0.010000, 0.000000, 0.000000], 0.900000, [0.000000, 0.000000, -0.938700]]
