emitter:
    size: [0.000000, 0.200000, 4.000000]
    name: "leaf1"
    type: "rect"
    emissionVectorInverted: true
    shortEffect: false
    emissionAngle: 0.000000
    emissionVector: [0.000000, 0.000000, -1.000000]
    emissionRange: 90.000000
layer0:
    name: "leaf"
    enableFog: true
    sprite: "../../../../../Data/Gfx/Particles/alpha/leaf_two"
    type: "layer"
    isLong: false
    layerType: "particles"
    blending: 1
    degradeStrategy: 0
    pivotPoint: [30.000000, -30.000000]
    loopVariation: 0.000000
    enableFrameBlend: false
    scaleVelocityBase: 1.000000
    forceCount: 1
    scaleVelocityFactor: 0.000000
    life: 5.000000
    number: 4.000000
    spinVariation: 100.000000
    size: [0.150000, 0.150000]
    sizeVariation: [0.050000, 0.050000]
    velocity: 6.000000
    velocityVariation: 10.000000
    forceOverLife0: [0.000000, 1.000000, 1.000000, 3.000000]
    velocityOverLife: [0.000000, 1.000000, 0.030000, 0.100000]
    spin: 100.000000
    spinOverLife: [0.000000, 1.000000, 1.000000, 0.000000]
    randomSpinDirection: true
    alphaOverLife: [0.000000, 1.000000, 0.793500, 1.000000, 0.990000, 0.000000]
    colorOverLife: [130.579758, 123.782104, 63.929958, 255.000000]
    frameOverLifeEnabled: false
    frameOverLifeFPS: 0.000000
    randomFrameOnStart: false
    loopSpriteAnimation: false
    deltaTime: 8.000000
    startTime: 0.000000
    endTime: 1.500000
    isLooped: true
    deltaVariation: 2.000000
    loopEndTime: 1000.000000
    inheritPosition: false
    particleOrientation: 1
    activeLODS: [1, 1, 0, 0]
    effectFormat: 1
    force0: [-6.000000, -2.000000, -1.000000]
