emitter:
    size: [0.000000, 0.000000, 0.000000]
    name: "smokeGaz"
    type: "point"
    emissionVectorInverted: true
    shortEffect: false
    emissionVector: [0.000000, 0.000000, 0.030000]
    emissionRange: 0.000000
layer0:
    activeLODS: [0, 1, 1, 0]
    stripeVScrollSpeed: 0.000000
    stripeLifetime: 0.000000
    deltaTime: 0.000000
    startTime: 0.000000
    stripeVertexSpawnStep: 1.000000
    layerType: "particles"
    lifeVariation: 0.500000
    isLong: false
    stripeStartSize: 0.000000
    number: 50.000000
    stripeFadeDistanceFromTop: 0.000000
    loopSpriteAnimation: true
    stripeUScrollSpeed: 0.000000
    enableFog: false
    name: "smokeGaz"
    type: "layer"
    degradeStrategy: 2
    pivotPoint: [0.000000, 0.000000]
    useFresToAlpha: false
    fresToAlphaBias: 0.000000
    fresToAlphaPower: 0.000000
    alphaRemapLoopCount: 1.000000
    sprite: "../../../../Data/Gfx/Particles/alpha/fog"
    enableAlphaRemap: false
    blending: 1
    enableFlow: false
    loopVariation: 0.000000
    angle: 1.000000
    enableFrameBlend: false
    enableFlowAnimation: false
    stripeInheritPositionForBase: false
    frameOverLifeEnabled: false
    enableNoise: false
    useNoiseScroll: false
    scaleVelocityBase: 1.000000
    forceCount: 1
    scaleVelocityFactor: 0.000000
    life: 1.000000
    spinVariation: 60.000000
    size: [0.500000, 0.500000]
    sizeVariation: [1.000000, 1.000000]
    usePerspectiveMapping: false
    velocityVariation: 50.000000
    sizeOverLifeXY: [0.000000, [0.100000, 0.100000], 1.000000, [1.500000, 1.500000]]
    velocity: 70.000000
    forceOverLife0: [0.000000, 0.000000, 0.427200, 0.000000, 1.000000, 10.000000]
    velocityOverLife: [0.000000, 1.000000, 0.600000, 0.000000, 1.000000, 0.000000]
    spin: -90.000000
    angleVariation: 360.000000
    spinOverLife: [0.000400, 1.000000, 1.000000, 0.500000]
    randomSpinDirection: true
    alphaOverLife: [0.000000, 0.000000, 0.190000, 0.300000, 1.000000, 0.000000]
    colorOverLife: [194.000000, 203.000000, 227.000000, 255.000000]
    frameOverLifeFPS: 0.000000
    randomFrameOnStart: false
    endTime: 0.700000
    isLooped: false
    deltaVariation: 0.000000
    loopEndTime: 0.000000
    inheritPosition: false
    particleOrientation: 1
    effectFormat: 1
    force0: [0.000000, 0.000000, 1.000000]
