emitter:
    size: [0.000000, 0.000000, 0.000000]
    name: "dust_shok"
    type: "shockwave"
    emissionVectorInverted: true
    shortEffect: false
    emissionAngle: 60.000000
    emissionRange: 180.000000
    emissionVector: [0.100000, -0.010000, 2.000000]
    radius: 0.500000
layer0:
    activeLODS: [0, 1, 0, 0]
    stripeVScrollSpeed: 0.000000
    stripeLifetime: 0.000000
    deltaTime: 0.000000
    startTime: 0.060000
    stripeVertexSpawnStep: 1.000000
    layerType: "particles"
    lifeVariation: 1.000000
    isLong: false
    stripeStartSize: 0.000000
    number: 200.000000
    stripeFadeDistanceFromTop: 0.000000
    loopSpriteAnimation: false
    stripeUScrollSpeed: 0.000000
    enableFog: true
    name: "dust_shok"
    type: "layer"
    degradeStrategy: 2
    pivotPoint: [0.000000, 0.000000]
    useFresToAlpha: false
    fresToAlphaBias: 0.000000
    fresToAlphaPower: 0.000000
    alphaRemapLoopCount: 1.000000
    sprite: "../../../../../Data/Gfx/Particles/alpha/explosion_smoke_white"
    enableAlphaRemap: false
    blending: 1
    enableFlow: false
    loopVariation: 0.000000
    angle: 180.000000
    enableFrameBlend: false
    enableFlowAnimation: false
    stripeInheritPositionForBase: false
    frameOverLifeEnabled: false
    enableNoise: false
    useNoiseScroll: false
    scaleVelocityBase: 1.000000
    scaleVelocityFactor: 0.000000
    life: 1.000000
    spinVariation: 10.000000
    size: [0.500000, 0.500000]
    sizeVariation: [0.250000, 0.250000]
    usePerspectiveMapping: false
    velocityVariation: 1.000000
    sizeOverLifeXY: [0.000000, [2.000000, 2.000000], 0.542100, [3.217500, 3.217500], 1.000000, [6.000000, 6.000000]]
    velocity: 3.000000
    velocityOverLife: [0.000000, 3.000000, 0.052500, 0.587800, 0.434800, 0.450000, 0.906400, 0.497700]
    spin: 20.000000
    randomSpinDirection: false
    angleVariation: 180.000000
    alphaOverLife: [0.000000, 0.000000, 0.050000, 1.000000, 0.571900, 0.259900, 0.990000, 0.000000]
    colorOverLife: [156.000000, 143.000000, 124.000000, 255.000000]
    frameOverLifeFPS: 16.000000
    randomFrameOnStart: false
    endTime: 0.300000
    isLooped: false
    deltaVariation: 0.000000
    loopEndTime: 6.000000
    inheritPosition: false
    particleOrientation: 1
    effectFormat: 1
