emitter:
    size: [2.000000, 2.000000, 2.000000]
    name: "leaf"
    type: "rect"
    emissionVectorInverted: true
    shortEffect: false
    emissionAngle: 0.000000
    emissionVector: [0.000000, 0.000000, -1.000000]
    emissionRange: 90.000000
layer0:
    activeLODS: [1, 1, 0, 0]
    stripeVScrollSpeed: 0.000000
    stripeLifetime: 0.000000
    deltaTime: 0.000000
    startTime: 0.000000
    stripeVertexSpawnStep: 1.000000
    layerType: "particles"
    isLong: false
    stripeStartSize: 0.000000
    number: 800.000000
    stripeFadeDistanceFromTop: 0.000000
    loopSpriteAnimation: false
    stripeUScrollSpeed: 0.000000
    enableFog: true
    name: "leaf"
    type: "layer"
    degradeStrategy: 0
    pivotPoint: [0.000000, 0.000000]
    useFresToAlpha: false
    fresToAlphaBias: 0.000000
    fresToAlphaPower: 0.000000
    alphaRemapLoopCount: 1.000000
    sprite: "../../../../../Data/Gfx/Particles/alpha/leaf"
    enableAlphaRemap: false
    blending: 1
    enableFlow: false
    loopVariation: 0.000000
    angle: 90.000000
    enableFrameBlend: false
    enableFlowAnimation: false
    stripeInheritPositionForBase: false
    frameOverLifeEnabled: false
    enableNoise: false
    useNoiseScroll: false
    scaleVelocityBase: 1.000000
    forceCount: 1
    scaleVelocityFactor: 0.000000
    life: 5.000000
    spinVariation: 100.000000
    size: [1.000000, 0.010000]
    sizeVariation: [0.050000, 0.050000]
    velocity: 10.000000
    usePerspectiveMapping: false
    velocityVariation: 10.000000
    forceOverLife0: [0.000000, 1.000000, 1.000000, 3.000000]
    velocityOverLife: [0.000000, 1.000000, 0.030000, 0.100000]
    spin: 100.000000
    spinOverLife: [0.000000, 1.000000, 1.000000, 0.000000]
    randomSpinDirection: true
    alphaOverLife: [0.000000, 1.000000, 0.793500, 1.000000, 0.990000, 0.000000]
    colorOverLife: [116.000000, 134.000000, 56.000000, 255.000000]
    frameOverLifeFPS: 0.000000
    randomFrameOnStart: false
    endTime: 0.050000
    isLooped: false
    deltaVariation: 0.000000
    loopEndTime: 100.000000
    inheritPosition: false
    particleOrientation: 1
    effectFormat: 1
    force0: [0.000000, 0.000000, -3.000000]
