emitter:
    size: [4.000000, 2.000000, 3.000000]
    name: "debris"
    type: "rect"
    emissionVectorInverted: true
    shortEffect: false
    emissionAngle: 0.000000
    emissionVector: [0.000000, 0.000000, 0.500000]
    emissionRange: 60.000000
layer0:
    activeLODS: [1, 1, 0, 0]
    stripeVScrollSpeed: 0.000000
    stripeLifetime: 0.000000
    deltaTime: 0.000000
    startTime: 0.000000
    stripeVertexSpawnStep: 1.000000
    layerType: "particles"
    isLong: false
    stripeStartSize: 0.000000
    number: 30.000000
    stripeFadeDistanceFromTop: 0.000000
    loopSpriteAnimation: true
    stripeUScrollSpeed: 0.000000
    enableFog: true
    name: "debris2"
    type: "layer"
    degradeStrategy: 0
    pivotPoint: [0.000000, 0.000000]
    useFresToAlpha: false
    fresToAlphaBias: 0.000000
    fresToAlphaPower: 0.000000
    alphaRemapLoopCount: 1.000000
    sprite: "../../../../../Data/Gfx/Particles/alpha/flinders_one"
    enableAlphaRemap: false
    blending: 1
    enableFlow: false
    loopVariation: 0.000000
    angle: 100.000000
    enableFrameBlend: false
    enableFlowAnimation: false
    stripeInheritPositionForBase: false
    frameOverLifeEnabled: true
    enableNoise: false
    useNoiseScroll: false
    scaleVelocityBase: 1.000000
    forceCount: 1
    scaleVelocityFactor: 0.000000
    life: 4.000000
    spinVariation: 60.000000
    size: [0.250000, 0.050000]
    sizeVariation: [0.250000, 0.000000]
    velocity: 4.000000
    usePerspectiveMapping: false
    velocityVariation: 7.000000
    forceOverLife0: [0.000000, 0.000000, 0.990000, 30.000000]
    velocityOverLife: [0.000000, 1.000000, 0.480000, 0.300000, 0.990000, 1.003400]
    spin: 120.000000
    randomSpinDirection: true
    angleVariation: 100.000000
    colorOverLife: [139.202332, 120.715950, 106.575874, 255.000000]
    frameOverLifeFPS: 20.000000
    randomFrameOnStart: false
    endTime: 0.300000
    isLooped: false
    deltaVariation: 0.000000
    loopEndTime: 0.000000
    inheritPosition: false
    particleOrientation: 1
    effectFormat: 1
    force0: [0.000000, 0.000000, -1.000000]
layer1:
    activeLODS: [1, 1, 0, 0]
    stripeVScrollSpeed: 0.000000
    stripeLifetime: 0.000000
    deltaTime: 0.000000
    startTime: 0.000000
    stripeVertexSpawnStep: 1.000000
    layerType: "particles"
    isLong: false
    stripeStartSize: 0.000000
    number: 80.000000
    stripeFadeDistanceFromTop: 0.000000
    loopSpriteAnimation: true
    stripeUScrollSpeed: 0.000000
    enableFog: true
    name: "debris4"
    type: "layer"
    degradeStrategy: 0
    pivotPoint: [0.000000, 0.000000]
    useFresToAlpha: false
    fresToAlphaBias: 0.000000
    fresToAlphaPower: 0.000000
    alphaRemapLoopCount: 1.000000
    sprite: "../../../../../Data/Gfx/Particles/alpha/flinders_one"
    enableAlphaRemap: false
    blending: 1
    enableFlow: false
    loopVariation: 0.000000
    angle: 100.000000
    enableFrameBlend: false
    enableFlowAnimation: false
    stripeInheritPositionForBase: false
    frameOverLifeEnabled: false
    enableNoise: false
    useNoiseScroll: false
    scaleVelocityBase: 1.000000
    forceCount: 1
    scaleVelocityFactor: 0.000000
    life: 4.000000
    spinVariation: 60.000000
    size: [0.100000, 0.050000]
    sizeVariation: [0.050000, 0.400000]
    velocity: 5.000000
    usePerspectiveMapping: false
    velocityVariation: 5.000000
    forceOverLife0: [0.000000, 0.000000, 0.990000, 30.000000]
    velocityOverLife: [0.000000, 1.000000, 0.480000, 0.300000, 0.990000, 1.003400]
    spin: 60.000000
    randomSpinDirection: true
    angleVariation: 100.000000
    colorOverLife: [144.000000, 126.000000, 104.000000, 255.000000]
    frameOverLifeFPS: 26.000000
    randomFrameOnStart: false
    endTime: 0.300000
    isLooped: false
    deltaVariation: 0.000000
    loopEndTime: 0.000000
    inheritPosition: false
    particleOrientation: 1
    effectFormat: 1
    force0: [0.000000, 0.000000, -1.000000]
