emitter:
    size: [2.000000, 2.000000, 0.000000]
    name: "dust"
    type: "rect"
    emissionVectorInverted: true
    shortEffect: false
    emissionAngle: 60.000000
    emissionRange: 50.000000
    emissionVector: [0.100000, -0.010000, 0.500000]
    radius: 2.000000
layer0:
    activeLODS: [0, 1, 0, 0]
    stripeVScrollSpeed: 0.000000
    stripeLifetime: 0.000000
    deltaTime: 0.000000
    startTime: 0.000000
    stripeVertexSpawnStep: 1.000000
    layerType: "particles"
    isLong: false
    stripeStartSize: 0.000000
    number: 20.000000
    stripeFadeDistanceFromTop: 0.000000
    loopSpriteAnimation: true
    stripeUScrollSpeed: 0.000000
    enableFog: true
    name: "dust"
    type: "layer"
    degradeStrategy: 2
    pivotPoint: [0.000000, 0.000000]
    useFresToAlpha: false
    fresToAlphaBias: 0.000000
    fresToAlphaPower: 0.000000
    alphaRemapLoopCount: 1.000000
    sprite: "../../../../../Data/Gfx/Particles/alpha/explosion_smoke_white"
    enableAlphaRemap: false
    blending: 1
    enableFlow: false
    loopVariation: 0.000000
    angle: 180.000000
    enableFrameBlend: false
    enableFlowAnimation: false
    stripeInheritPositionForBase: false
    frameOverLifeEnabled: false
    enableNoise: false
    useNoiseScroll: false
    scaleVelocityBase: 1.000000
    forceCount: 1
    scaleVelocityFactor: 0.000000
    life: 3.000000
    size: [0.500000, 0.500000]
    sizeVariation: [1.000000, 1.000000]
    usePerspectiveMapping: false
    velocityVariation: 1.000000
    sizeOverLifeXY: [0.000000, [3.445100, 3.445100], 0.355700, [3.504900, 3.504900], 0.900000, [5.000000, 5.000000]]
    velocity: 1.000000
    velocityOverLife: [0.000000, 2.000000, 0.052500, 0.587800, 0.420000, 0.100000, 0.896300, 0.131400]
    spin: [0.000000, 5.000000, 0.300000, 0.000000]
    angleVariation: 180.000000
    spinOverLife: [0.000000, 1.000000, 0.300000, 0.000000]
    randomSpinDirection: false
    alphaOverLife: [0.000000, 0.000000, 0.176900, 0.299900, 0.737200, 0.299900, 0.990000, 0.000000]
    colorOverLife: [139.000000, 121.000000, 106.000000, 255.000000]
    frameOverLifeFPS: 0.000000
    randomFrameOnStart: false
    endTime: 0.300000
    isLooped: false
    deltaVariation: 0.000000
    loopEndTime: 0.000000
    inheritPosition: false
    particleOrientation: 1
    effectFormat: 1
    force0: [0.000000, [0.000000, 0.000000, -2.000000], 0.300000, [0.010000, 0.000000, 0.000000], 0.900000, [0.000000, 0.000000, -0.938700]]
