emitter:
    size: [0.000000, 0.200000, 4.000000]
    name: "leaf1"
    type: "rect"
    emissionVectorInverted: true
    shortEffect: false
    emissionAngle: 0.000000
    emissionVector: [0.000000, 0.000000, -1.000000]
    emissionRange: 90.000000
layer0:
    activeLODS: [1, 1, 0, 0]
    stripeVScrollSpeed: 0.000000
    stripeLifetime: 0.000000
    deltaTime: 8.000000
    startTime: 0.000000
    stripeVertexSpawnStep: 1.000000
    layerType: "particles"
    isLong: false
    stripeStartSize: 0.000000
    number: 2.000000
    stripeFadeDistanceFromTop: 0.000000
    loopSpriteAnimation: false
    stripeUScrollSpeed: 0.000000
    enableFog: true
    name: "leaf"
    type: "layer"
    degradeStrategy: 0
    pivotPoint: [30.000000, -30.000000]
    useFresToAlpha: false
    fresToAlphaBias: 0.000000
    fresToAlphaPower: 0.000000
    alphaRemapLoopCount: 1.000000
    sprite: "../../../../../Data/Gfx/Particles/alpha/leaf_two"
    enableAlphaRemap: false
    blending: 1
    enableFlow: false
    loopVariation: 0.000000
    enableFrameBlend: false
    enableFlowAnimation: false
    stripeInheritPositionForBase: false
    frameOverLifeEnabled: false
    enableNoise: false
    useNoiseScroll: false
    scaleVelocityBase: 1.000000
    forceCount: 1
    scaleVelocityFactor: 0.000000
    life: 5.000000
    spinVariation: 100.000000
    size: [0.100000, 0.100000]
    sizeVariation: [0.050000, 0.050000]
    velocity: 6.000000
    usePerspectiveMapping: false
    velocityVariation: 10.000000
    forceOverLife0: [0.000000, 1.000000, 1.000000, 3.000000]
    velocityOverLife: [0.000000, 1.000000, 0.030000, 0.100000]
    spin: 100.000000
    spinOverLife: [0.000000, 1.000000, 1.000000, 0.000000]
    randomSpinDirection: true
    colorRandom: [0.000000, [192.000000, 182.000000, 94.000000, 255.000000], 0.227194, [213.116730, 178.042801, 81.583656, 255.000000], 0.535284, [213.116730, 151.513611, 59.108948, 255.000000], 0.851979, [213.116730, 206.260696, 7.494164, 255.000000]]
    alphaOverLife: [0.000000, 1.000000, 0.793500, 1.000000, 0.990000, 0.000000]
    frameOverLifeFPS: 0.000000
    randomFrameOnStart: false
    endTime: 1.500000
    isLooped: true
    deltaVariation: 2.000000
    loopEndTime: 1000.000000
    inheritPosition: false
    particleOrientation: 1
    effectFormat: 1
    force0: [-6.000000, -2.000000, -1.000000]
