emitter:
    size: [0.000000, 1.200000, 0.000000]
    name: "smoke"
    type: "point"
    emissionVectorInverted: true
    shortEffect: false
    emissionAngle: 1.000000
    emissionRange: 10.000000
    emissionVector: [0.700000, -1.000000, 0.000000]
    radius: 1.000000
layer0:
    name: "smoke1"
    enableFog: true
    sprite: "../../../../../../Data/Gfx/Particles/UI/Fx_DustSpray_two"
    type: "layer"
    lifeVariation: 2.000000
    isLong: false
    layerType: "particles"
    blending: 1
    degradeStrategy: 0
    pivotPoint: [0.000000, 0.000000]
    loopVariation: 0.000000
    enableFrameBlend: false
    scaleVelocityBase: 1.000000
    forceCount: 2
    scaleVelocityFactor: 0.000000
    life: 7.000000
    number: 2.000000
    numberVariation: 2.000000
    spinVariation: -8.000000
    size: [100.000000, 100.000000]
    sizeVariation: [20.000000, 20.000000]
    velocityVariation: 15.000000
    sizeOverLifeXY: [0.000000, [0.000000, 0.000000], 0.604400, [2.441900, 2.441900], 0.990000, [6.000000, 6.000000]]
    velocity: 15.000000
    randomSpinDirection: false
    angleVariation: 120.000000
    alphaOverLife: [0.000000, 0.000000, 0.078300, 0.000000, 0.276718, 0.300730, 0.692748, 0.310949, 0.980000, 0.000000]
    colorOverLife: [0.001500, [162.000000, 158.000000, 123.000000, 255.000000], 0.997600, [142.688705, 135.809296, 140.968903, 255.000000]]
    frameOverLifeEnabled: false
    frameOverLifeFPS: 10.000000
    randomFrameOnStart: false
    loopSpriteAnimation: true
    deltaTime: 0.000000
    startTime: 0.000000
    endTime: 10000.000000
    isLooped: false
    deltaVariation: 0.000000
    loopEndTime: 0.000000
    inheritPosition: true
    particleOrientation: 1
    activeLODS: [1, 1, 1, 1]
    effectFormat: 1
    force0: [0.000000, 0.000000, 0.500000]
    forceOverLife0: [0.000000, 1.000000, 0.990000, 0.800000]
    force1: [10.000000, 0.000000, 0.000000]
