emitter:
    size: [0.000000, 100.000000, 20.000000]
    name: "sparks"
    type: "rect"
    emissionVectorInverted: true
    shortEffect: false
    emissionAngle: 0.000000
    emissionVector: [1.000000, -0.600000, 0.000000]
    emissionRange: 30.000000
layer0:
    name: "sparks"
    enableFog: true
    sprite: "../../../../../../Data/Gfx/Particles/UI/treil"
    type: "layer"
    isLong: true
    layerType: "particles"
    blending: 3
    degradeStrategy: 0
    pivotPoint: [0.000000, 0.000000]
    loopVariation: 0.000000
    enableFrameBlend: false
    scaleVelocityBase: 1.000000
    forceCount: 1
    scaleVelocityFactor: 0.004000
    life: 2.000000
    number: 5.000000
    size: [5.000000, 5.000000]
    sizeVariation: [2.000000, 3.000000]
    velocity: 100.000000
    velocityVariation: 100.000000
    randomSpinDirection: true
    alphaOverLife: [0.000000, 0.000000, 0.164122, 1.000000, 0.470476, 0.574692, 1.000000, 0.000000]
    colorOverLife: [255.000000, 146.194550, 29.883268, 255.000000]
    frameOverLifeEnabled: false
    frameOverLifeFPS: 0.000000
    randomFrameOnStart: false
    loopSpriteAnimation: true
    deltaTime: 0.000000
    startTime: 0.000000
    endTime: 1000.000000
    isLooped: false
    deltaVariation: 0.000000
    loopEndTime: 100.000000
    inheritPosition: true
    particleOrientation: 1
    activeLODS: [1, 1, 1, 1]
    effectFormat: 1
    force0: [0.000000, 50.000000, 0.000000]
