emitter:
    size: [0.000000, 1.200000, 0.000000]
    name: "fire"
    type: "point"
    emissionVectorInverted: true
    shortEffect: false
    emissionAngle: 1.000000
    emissionRange: 20.000000
    emissionVector: [0.900000, -0.600000, 0.000000]
    radius: 1.000000
layer0:
    name: "fire1"
    enableFog: true
    sprite: "../../../../../../Data/Gfx/Particles/UI/exp_anim_L"
    type: "layer"
    isLong: false
    layerType: "particles"
    blending: 3
    degradeStrategy: 0
    pivotPoint: [0.000000, 0.000000]
    loopVariation: 0.000000
    angle: 1.000000
    enableFrameBlend: true
    scaleVelocityBase: 1.000000
    forceCount: 1
    scaleVelocityFactor: 0.002000
    life: 2.000000
    number: 4.000000
    spinVariation: 20.000000
    size: [100.000000, 100.000000]
    sizeVariation: [20.000000, 20.000000]
    velocityVariation: 60.000000
    sizeOverLifeXY: [0.000000, [0.300000, 0.300000], 0.990000, [1.500000, 1.500000]]
    velocity: 30.000000
    spin: 40.000000
    randomSpinDirection: true
    angleVariation: 360.000000
    alphaOverLife: [0.000000, 0.000000, 0.215238, 0.827565, 1.000000, 0.000000]
    frameOverLifeEnabled: true
    frameOverLifeFPS: 17.000000
    randomFrameOnStart: false
    loopSpriteAnimation: false
    deltaTime: 0.000000
    startTime: 0.000000
    endTime: 10000.000000
    isLooped: false
    deltaVariation: 0.000000
    loopEndTime: 100.000000
    inheritPosition: false
    particleOrientation: 1
    activeLODS: [1, 1, 1, 1]
    effectFormat: 1
    force0: [-15.000000, 0.000000, 0.000000]
layer1:
    name: "fire2"
    enableFog: true
    sprite: "../../../../../../Data/Gfx/Particles/UI/exp_anim_fire"
    type: "layer"
    isLong: false
    layerType: "particles"
    blending: 3
    degradeStrategy: 0
    pivotPoint: [0.000000, 0.000000]
    loopVariation: 0.000000
    angle: 1.000000
    enableFrameBlend: true
    scaleVelocityBase: 1.000000
    forceCount: 1
    scaleVelocityFactor: 0.002000
    life: 2.000000
    number: 4.000000
    spinVariation: 20.000000
    size: [150.000000, 150.000000]
    sizeVariation: [20.000000, 20.000000]
    velocityVariation: 40.000000
    sizeOverLifeXY: [0.000000, [0.300000, 0.300000], 0.990000, [1.500000, 1.500000]]
    velocity: 30.000000
    spin: 20.000000
    randomSpinDirection: true
    angleVariation: 360.000000
    alphaOverLife: [0.000000, 0.000000, 0.230476, 0.778751, 0.775238, 0.807027, 1.000000, 0.000000]
    frameOverLifeEnabled: true
    frameOverLifeFPS: 13.000000
    randomFrameOnStart: false
    loopSpriteAnimation: false
    deltaTime: 0.000000
    startTime: 0.000000
    endTime: 10000.000000
    isLooped: false
    deltaVariation: 0.000000
    loopEndTime: 100.000000
    inheritPosition: false
    particleOrientation: 1
    activeLODS: [1, 1, 1, 1]
    effectFormat: 1
    force0: [-15.000000, 0.000000, 0.000000]
