emitter:
    size: [130.000000, 0.000000, 20.000000]
    name: "fire_smoke1"
    type: "rect"
    emissionVectorInverted: true
    shortEffect: false
    emissionAngle: 0.000000
    emissionVector: [0.000000, -1.000000, 0.000000]
    emissionRange: 60.000000
layer0:
    name: "fire2"
    enableFog: false
    sprite: "../../../../../../Data/Gfx/Particles/UI/Fire_1"
    type: "layer"
    isLong: true
    layerType: "particles"
    blending: 3
    degradeStrategy: 0
    pivotPoint: [0.000000, 0.000000]
    loopVariation: 0.000000
    angle: 90.000000
    enableFrameBlend: true
    scaleVelocityBase: 1.000000
    scaleVelocityFactor: 0.003000
    life: 0.700000
    number: 20.000000
    spinVariation: 30.000000
    size: [50.000000, 50.000000]
    sizeVariation: [20.000000, 20.000000]
    velocity: 15.000000
    velocityVariation: 15.000000
    spin: 30.000000
    randomSpinDirection: true
    angleVariation: 90.000000
    alphaOverLife: [0.000000, 0.000000, 0.365714, 0.137758, 0.681905, 0.097333, 1.000000, 0.000000]
    frameOverLifeEnabled: false
    frameOverLifeFPS: 20.000000
    randomFrameOnStart: false
    loopSpriteAnimation: false
    deltaTime: 0.000000
    startTime: 0.000000
    endTime: 1000.000000
    isLooped: false
    deltaVariation: 0.000000
    loopEndTime: 100.000000
    inheritPosition: true
    particleOrientation: 1
    activeLODS: [1, 1, 1, 1]
    effectFormat: 1
layer1:
    name: "fire2"
    enableFog: false
    sprite: "../../../../../../Data/Gfx/Particles/UI/smoke"
    type: "layer"
    isLong: true
    layerType: "particles"
    blending: 3
    degradeStrategy: 0
    pivotPoint: [0.000000, 0.000000]
    loopVariation: 0.000000
    angle: 90.000000
    enableFrameBlend: true
    scaleVelocityBase: 1.000000
    scaleVelocityFactor: 0.000000
    life: 0.600000
    number: 20.000000
    spinVariation: 30.000000
    size: [60.000000, 60.000000]
    sizeVariation: [20.000000, 20.000000]
    velocityVariation: 15.000000
    sizeOverLifeXY: [0.000000, [1.000000, 1.000000], 1.000000, [2.000000, 2.000000]]
    velocity: 30.000000
    spin: 30.000000
    randomSpinDirection: true
    angleVariation: 90.000000
    alphaOverLife: [0.000000, 0.000000, 0.140000, 1.000000, 0.480176, 1.000000, 0.753304, 1.000000, 1.000000, 0.000000]
    colorOverLife: [0.000000, [242.015564, 159.311279, 70.902718, 255.000000], 0.994643, [242.015564, 53.571983, 24.579765, 255.000000]]
    frameOverLifeEnabled: true
    frameOverLifeFPS: 30.000000
    randomFrameOnStart: false
    loopSpriteAnimation: false
    deltaTime: 0.000000
    startTime: 0.000000
    endTime: 1000.000000
    isLooped: false
    deltaVariation: 0.000000
    loopEndTime: 100.000000
    inheritPosition: true
    particleOrientation: 1
    activeLODS: [1, 1, 1, 1]
    effectFormat: 1
