emitter:
    size: [0.000000, 1.200000, 0.000000]
    name: "smoke"
    type: "point"
    emissionVectorInverted: true
    shortEffect: false
    emissionAngle: 1.000000
    emissionRange: 10.000000
    emissionVector: [0.700000, -1.000000, 0.000000]
    radius: 1.000000
layer0:
    name: "smoke1"
    enableFog: true
    sprite: "../../../../../../Data/Gfx/Particles/UI/Fx_DustSpray_two"
    type: "layer"
    lifeVariation: 2.000000
    isLong: false
    layerType: "particles"
    blending: 3
    degradeStrategy: 0
    pivotPoint: [0.000000, 0.000000]
    loopVariation: 0.000000
    enableFrameBlend: false
    scaleVelocityBase: 1.000000
    forceCount: 2
    scaleVelocityFactor: 0.000000
    life: 4.000000
    number: 2.000000
    numberVariation: 2.000000
    spinVariation: -8.000000
    size: [130.000000, 130.000000]
    sizeVariation: [20.000000, 20.000000]
    velocityVariation: 15.000000
    sizeOverLifeXY: [0.000000, [0.000000, 0.000000], 0.990000, [3.000000, 3.000000]]
    velocity: 15.000000
    randomSpinDirection: false
    angleVariation: 120.000000
    alphaOverLife: [0.000000, 0.000000, 0.078300, 0.000000, 0.153100, 0.339400, 0.270992, 0.607299, 0.664122, 0.567404, 0.980000, 0.000000]
    colorOverLife: [80.073929, 75.774315, 69.750969, 255.000000]
    frameOverLifeEnabled: false
    frameOverLifeFPS: 10.000000
    randomFrameOnStart: false
    loopSpriteAnimation: true
    deltaTime: 0.000000
    startTime: 0.000000
    endTime: 10000.000000
    isLooped: false
    deltaVariation: 0.000000
    loopEndTime: 0.000000
    inheritPosition: true
    particleOrientation: 1
    activeLODS: [1, 1, 1, 1]
    effectFormat: 1
    force0: [0.000000, 0.000000, 0.500000]
    forceOverLife0: [0.000000, 1.000000, 0.990000, 0.800000]
    force1: [10.000000, 0.000000, 0.000000]
