emitter:
    name: "smoke"
    emissionVector: [0.000000, 0.000000, 1.000000]
    emissionAngle: 0.000000
    type: "rect"
    size: [0.400000, 1.600000, 0.000000]
    shortEffect: false
    emissionRange: 10.000000
    emissionVectorInverted: true
layer0:
    forceOverLife1: [0.000000, 2.000000, 0.370000, -2.000000, 0.790000, 2.000000, 1.000000, -2.066000]
    life: 10.000000
    stripeLifetime: 0.000000
    endTime: 1000000.000000
    scaleVelocityBase: 1.000000
    stripeVertexSpawnStep: 1.000000
    stripeStartSize: 0.000000
    type: "layer"
    stripeUScrollSpeed: 0.000000
    enableFlow: false
    stripeVScrollSpeed: 0.000000
    colorOverLife: [190.000000, 190.000000, 194.000000, 255.000000]
    stripeFadeDistanceFromTop: 0.000000
    name: "smoke"
    layerType: "particles"
    degradeStrategy: 0
    particleOrientation: 1
    inheritPosition: false
    isLong: true
    randomSpinDirection: false
    pivotPoint: [0.000000, 0.000000]
    effectFormat: 1
    useFresToAlpha: false
    fresToAlphaBias: 0.000000
    fresToAlphaPower: 0.000000
    alphaRemapLoopCount: 1.000000
    force0: [0.000000, 0.000000, 0.100000]
    size: [0.500000, 0.500000]
    sprite: "../../../../../Data/Gfx/Particles/hangar_prem_2018/explosion_smoke_white"
    alphaOverLife: [0.000000, 0.000000, 0.120879, 0.107874, 1.000000, 0.000000]
    enableAlphaRemap: false
    blending: 3
    deltaTime: 0.000000
    enableFlowAnimation: false
    enableNoise: false
    useNoiseScroll: false
    stripeInheritPositionForBase: false
    enableFog: true
    enableFrameBlend: false
    loopEndTime: 0.000000
    scaleVelocityFactor: 1.000000
    applyGlobalForces: false
    loopVariation: 0.000000
    loopSpriteAnimation: true
    number: 2.000000
    force1: [0.010000, 0.030000, 0.000000]
    sizeOverLifeXY: [0.000000, [1.000000, 1.000000], 0.990000, [5.000000, 5.000000]]
    velocity: 0.010000
    frameOverLifeEnabled: false
    velocityVariation: 0.030000
    frameOverLifeFPS: 0.000000
    spin: 15.000000
    spinVariation: 10.000000
    angle: 90.000000
    angleVariation: 90.000000
    randomFrameOnStart: false
    startTime: 0.000000
    isLooped: false
    deltaVariation: 0.000000
    usePerspectiveMapping: false
    activeLODS: [1, 1, 1, 1]
    forceCount: 2
    forceOverLife0: [0.000000, 1.000000, 0.990000, 0.100000]
