emitter:
    name: "smokeGaz"
    emissionVector: [0.000000, 0.000000, 0.030000]
    type: "point"
    size: [0.000000, 0.000000, 0.000000]
    shortEffect: false
    emissionRange: 0.000000
    emissionVectorInverted: true
layer0:
    life: 1.000000
    stripeLifetime: 0.000000
    endTime: 0.700000
    scaleVelocityBase: 1.000000
    stripeVertexSpawnStep: 1.000000
    stripeStartSize: 0.000000
    type: "layer"
    stripeUScrollSpeed: 0.000000
    enableFlow: false
    stripeVScrollSpeed: 0.000000
    colorOverLife: [77.000000, 77.000000, 90.000000, 255.000000]
    stripeFadeDistanceFromTop: 0.000000
    name: "smokeGaz"
    layerType: "particles"
    degradeStrategy: 2
    particleOrientation: 1
    inheritPosition: false
    isLong: false
    randomSpinDirection: true
    pivotPoint: [0.000000, 0.000000]
    effectFormat: 1
    useFresToAlpha: false
    fresToAlphaBias: 0.000000
    fresToAlphaPower: 0.000000
    alphaRemapLoopCount: 1.000000
    force0: [0.000000, 0.000000, 1.000000]
    size: [0.500000, 0.500000]
    sprite: "../../../../../Data/Gfx/Particles/alpha/fog"
    alphaOverLife: [0.000000, 0.000000, 0.190000, 0.300000, 1.000000, 0.000000]
    enableAlphaRemap: false
    blending: 1
    deltaTime: 0.000000
    enableFlowAnimation: false
    enableNoise: false
    useNoiseScroll: false
    stripeInheritPositionForBase: false
    enableFog: false
    enableFrameBlend: false
    loopEndTime: 0.000000
    scaleVelocityFactor: 0.000000
    lifeVariation: 0.500000
    loopVariation: 0.000000
    loopSpriteAnimation: true
    number: 50.000000
    sizeVariation: [1.000000, 1.000000]
    sizeOverLifeXY: [0.000000, [0.100000, 0.100000], 1.000000, [1.500000, 1.500000]]
    velocity: 70.000000
    frameOverLifeEnabled: false
    velocityVariation: 50.000000
    velocityOverLife: [0.000000, 1.000000, 0.600000, 0.000000, 1.000000, 0.000000]
    frameOverLifeFPS: 0.000000
    spinOverLife: [0.000400, 1.000000, 1.000000, 0.500000]
    spin: -90.000000
    spinVariation: 60.000000
    angle: 1.000000
    angleVariation: 360.000000
    randomFrameOnStart: false
    startTime: 0.000000
    isLooped: false
    deltaVariation: 0.000000
    usePerspectiveMapping: false
    activeLODS: [0, 1, 1, 0]
    forceCount: 1
    forceOverLife0: [0.000000, 0.000000, 0.427200, 0.000000, 1.000000, 10.000000]
