emitter:
    emissionRange: 0.000000
    emissionVector: [1.000000, 0.000000, 0.000000]
    emissionVectorInverted: true
    name: "wall_glow"
    shortEffect: false
    size: [0.000000, 0.000000, 0.000000]
    type: "point"
layer0:
    activeLODS: [0, 1, 0, 0]
    alphaOverLife: [0.000000, 0.000000, 0.476371, 0.200000, 1.000000, 0.000000]
    angle: 90.000000
    blending: 1
    colorOverLife: [226.000000, 57.000000, 38.000000, 255.000000]
    degradeStrategy: 0
    deltaTime: 0.000000
    deltaVariation: 0.000000
    effectFormat: 1
    enableFog: false
    enableFrameBlend: false
    endTime: 10000.000000
    frameOverLifeEnabled: false
    frameOverLifeFPS: 0.000000
    inheritPosition: false
    isLong: false
    isLooped: false
    layerType: "particles"
    life: 2.000000
    loopEndTime: 100.000000
    loopSpriteAnimation: false
    loopVariation: 0.000000
    name: "glow1"
    number: 2.000000
    particleOrientation: 4
    pivotPoint: [0.000000, 0.000000]
    randomFrameOnStart: false
    randomSpinDirection: false
    scaleVelocityBase: 1.000000
    scaleVelocityFactor: 0.000000
    size: [4.000000, 9.000000]
    sprite: "../../../../../Data/Gfx/Particles/alpha/treil"
    startTime: 0.000000
    type: "layer"
layer1:
    activeLODS: [0, 0, 1, 0]
    alphaOverLife: [0.000000, 0.000000, 0.450000, 0.300000, 0.990000, 0.000000]
    angle: 90.000000
    blending: 1
    colorOverLife: [226.000000, 57.000000, 38.000000, 255.000000]
    degradeStrategy: 0
    deltaTime: 0.000000
    deltaVariation: 0.000000
    effectFormat: 1
    enableFog: false
    enableFrameBlend: false
    endTime: 10000.000000
    frameOverLifeEnabled: false
    frameOverLifeFPS: 0.000000
    inheritPosition: false
    isLong: false
    isLooped: false
    layerType: "particles"
    life: 2.000000
    loopEndTime: 100.000000
    loopSpriteAnimation: false
    loopVariation: 0.000000
    name: "glow2"
    number: 2.000000
    particleOrientation: 4
    pivotPoint: [0.000000, 0.000000]
    randomFrameOnStart: false
    randomSpinDirection: false
    scaleVelocityBase: 1.000000
    scaleVelocityFactor: 0.000000
    size: [4.000000, 9.000000]
    sprite: "../../../../../Data/Gfx/Particles/alpha/treil"
    startTime: 0.000000
    type: "layer"
layer2:
    activeLODS: [0, 0, 0, 1]
    alphaOverLife: [0.000000, 0.000000, 0.450000, 0.400000, 0.990000, 0.000000]
    angle: 90.000000
    blending: 1
    colorOverLife: [226.000000, 57.000000, 38.000000, 255.000000]
    degradeStrategy: 0
    deltaTime: 0.000000
    deltaVariation: 0.000000
    effectFormat: 1
    enableFog: false
    enableFrameBlend: false
    endTime: 10000.000000
    frameOverLifeEnabled: false
    frameOverLifeFPS: 0.000000
    inheritPosition: false
    isLong: false
    isLooped: false
    layerType: "particles"
    life: 2.000000
    loopEndTime: 100.000000
    loopSpriteAnimation: false
    loopVariation: 0.000000
    name: "glow3"
    number: 2.000000
    particleOrientation: 4
    pivotPoint: [0.000000, 0.000000]
    randomFrameOnStart: false
    randomSpinDirection: false
    scaleVelocityBase: 1.000000
    scaleVelocityFactor: 0.000000
    size: [4.000000, 9.000000]
    sprite: "../../../../../Data/Gfx/Particles/alpha/treil"
    startTime: 0.000000
    type: "layer"
