emitter:
    size: [400.000000, 0.000000, 20.000000]
    name: "sparks1"
    type: "rect"
    emissionVectorInverted: true
    shortEffect: false
    emissionAngle: 0.000000
    emissionVector: [-0.800000, -0.200000, 0.000000]
    emissionRange: 30.000000
layer0:
    name: "sparks"
    enableFog: true
    sprite: "../../../../../../Data/Gfx/Particles/UI/PRMP_offers/treil"
    type: "layer"
    isLong: true
    layerType: "particles"
    blending: 3
    degradeStrategy: 0
    pivotPoint: [6.000000, -6.000000]
    loopVariation: 0.000000
    enableFrameBlend: false
    scaleVelocityBase: 1.000000
    scaleVelocityFactor: 0.004000
    life: 3.000000
    number: 6.000000
    spinVariation: 150.000000
    size: [3.000000, 3.000000]
    sizeVariation: [2.000000, 3.000000]
    velocity: 300.000000
    velocityVariation: 150.000000
    spin: 150.000000
    randomSpinDirection: true
    colorRandom: [0.000000, [255.000000, 0.996109, 0.996109, 255.000000], 0.996429, [255.000000, 107.945526, 49.805447, 255.000000]]
    alphaOverLife: [0.000000, 0.000000, 0.213740, 1.000000, 1.000000, 0.000000]
    frameOverLifeEnabled: false
    frameOverLifeFPS: 0.000000
    randomFrameOnStart: false
    loopSpriteAnimation: true
    deltaTime: 0.000000
    startTime: 0.000000
    endTime: 1000.000000
    isLooped: false
    deltaVariation: 0.000000
    loopEndTime: 100.000000
    inheritPosition: true
    particleOrientation: 1
    activeLODS: [1, 1, 1, 1]
    effectFormat: 1
