emitter:
    size: [500.000000, 100.000000, 20.000000]
    name: "sparks2"
    type: "rect"
    emissionVectorInverted: true
    shortEffect: false
    emissionAngle: 0.000000
    emissionVector: [-1.000000, -1.000000, 0.000000]
    emissionRange: 60.000000
layer0:
    name: "sparks"
    enableFog: true
    sprite: "../../../../../../Data/Gfx/Particles/UI/PRMP_offers/treil"
    type: "layer"
    isLong: true
    layerType: "particles"
    blending: 3
    degradeStrategy: 0
    pivotPoint: [0.000000, 0.000000]
    loopVariation: 0.000000
    enableFrameBlend: false
    scaleVelocityBase: 1.000000
    forceCount: 1
    scaleVelocityFactor: 0.008000
    life: 1.500000
    number: 3.000000
    size: [10.000000, 4.000000]
    sizeVariation: [6.000000, 3.000000]
    velocity: 200.000000
    velocityVariation: 200.000000
    randomSpinDirection: true
    colorRandom: [0.000000, [255.000000, 108.575874, 45.821011, 255.000000], 0.996390, [255.000000, 230.513611, 196.229568, 255.000000]]
    alphaOverLife: [0.000000, 0.000000, 0.223507, 0.576642, 1.000000, 0.000000]
    frameOverLifeEnabled: false
    frameOverLifeFPS: 0.000000
    randomFrameOnStart: false
    loopSpriteAnimation: true
    deltaTime: 0.000000
    startTime: 0.000000
    endTime: 1000.000000
    isLooped: false
    deltaVariation: 0.000000
    loopEndTime: 100.000000
    inheritPosition: true
    particleOrientation: 1
    activeLODS: [1, 1, 1, 1]
    effectFormat: 1
    force0: [0.000000, 50.000000, 0.000000]
