emitter:
    emissionAngle: 1.000000
    emissionRange: 10.000000
    emissionVector: [-1.000000, 0.000000, 0.000000]
    emissionVectorInverted: true
    name: "big_smoke"
    radius: 1.000000
    shortEffect: false
    size: [0.000000, 1.200000, 0.000000]
    type: "rect"
layer0:
    activeLODS: [1, 1, 1, 1]
    alphaOverLife: [0.000000, 0.000000, 0.180000, 0.150000, 0.881679, 0.148341, 0.990000, 0.000000]
    angle: 180.000000
    angleVariation: 180.000000
    blending: 3
    colorOverLife: [200.797668, 129.147858, 41.571983, 255.000000]
    degradeStrategy: 0
    deltaTime: 0.000000
    deltaVariation: 0.000000
    effectFormat: 1
    enableFog: false
    enableFrameBlend: false
    endTime: 1000.000000
    frameOverLifeEnabled: false
    frameOverLifeFPS: 0.000000
    inheritPosition: true
    isLong: true
    isLooped: false
    layerType: "particles"
    life: 10.000000
    loopEndTime: 100.000000
    loopSpriteAnimation: true
    loopVariation: 0.000000
    name: "smoke3"
    number: 3.000000
    particleOrientation: 1
    pivotPoint: [0.000000, 0.000000]
    randomFrameOnStart: false
    randomSpinDirection: true
    scaleVelocityBase: 1.000000
    scaleVelocityFactor: 0.020000
    size: [300.000000, 300.000000]
    spin: 5.000000
    spinVariation: 10.000000
    sprite: "../../../../../../Data/Gfx/Particles/UI/Fx_DustSpray_two"
    startTime: 0.000000
    type: "layer"
    velocity: 80.000000
    velocityVariation: 30.000000
