emitter:
    emissionRange: 0.000000
    emissionVector: [0.000000, 1.000000, 0.000000]
    emissionVectorInverted: true
    name: "glow"
    shortEffect: false
    size: [1000.000000, 300.000000, 150.000000]
    type: "rect"
layer0:
    activeLODS: [1, 1, 1, 1]
    alphaOverLife: [0.000000, 0.000000, 0.100000, 0.680296, 0.330000, 0.500000, 0.444934, 0.000000, 0.557269, 0.767037, 0.834802, 0.533605, 1.000000, 0.000000]
    angle: 1.000000
    angleVariation: 300.000000
    blending: 3
    colorOverLife: [193.136185, 238.470810, 102.470818, 255.000000]
    degradeStrategy: 0
    deltaTime: 0.000000
    deltaVariation: 0.000000
    effectFormat: 1
    enableFog: false
    enableFrameBlend: false
    endTime: 1000.000000
    force0: [-1.500000, 0.000000, 0.000000]
    forceCount: 1
    frameOverLifeEnabled: false
    frameOverLifeFPS: 0.000000
    inheritPosition: true
    isLong: false
    isLooped: false
    layerType: "particles"
    life: 16.000000
    loopEndTime: 100.000000
    loopSpriteAnimation: true
    loopVariation: 0.000000
    name: "glow"
    number: 1.000000
    particleOrientation: 1
    pivotPoint: [0.000000, 0.000000]
    randomFrameOnStart: false
    randomSpinDirection: true
    scaleVelocityBase: 1.000000
    scaleVelocityFactor: 0.000000
    size: [4.000000, 4.000000]
    sizeVariation: [5.000000, 5.000000]
    spin: 3.000000
    spinVariation: 3.000000
    sprite: "../../../../../../Data/Gfx/Particles/UI/o2_expGlowB"
    startTime: 0.000000
    type: "layer"
    velocity: 0.300000
    velocityVariation: 0.500000
