emitter:
    size: [0.000000, 0.000000, 0.000000]
    name: "smoke"
    type: "shockwave"
    emissionVectorInverted: true
    shortEffect: false
    emissionVector: [0.000000, 1.000000, 0.000000]
    emissionRange: 180.000000
    radius: 0.010000
layer0:
    name: "smoke"
    enableFog: true
    sprite: "../../../../../../Data/Gfx/Particles/alpha/explosion_smoke_white"
    type: "layer"
    isLong: false
    layerType: "particles"
    blending: 1
    degradeStrategy: 2
    pivotPoint: [0.000000, 0.000000]
    loopVariation: 0.000000
    angle: 90.000000
    enableFrameBlend: false
    scaleVelocityBase: 0.000000
    forceCount: 1
    scaleVelocityFactor: 0.000000
    life: 2.000000
    number: 200.000000
    spinVariation: 10.000000
    size: [0.200000, 0.200000]
    velocityVariation: 1.000000
    sizeOverLifeXY: [0.000000, [1.000000, 1.000000], 1.000000, [7.000000, 7.000000]]
    velocity: 4.000000
    velocityOverLife: [0.000000, 1.000000, 0.050000, 0.020000, 0.996500, 0.000000]
    spin: 10.000000
    randomSpinDirection: true
    angleVariation: 90.000000
    alphaOverLife: [0.000000, 0.000000, 0.050000, 0.690000, 0.990000, 0.000000]
    colorOverLife: [77.000000, 77.000000, 90.000000, 255.000000]
    frameOverLifeEnabled: false
    frameOverLifeFPS: 0.000000
    randomFrameOnStart: false
    loopSpriteAnimation: true
    deltaTime: 0.000000
    startTime: 0.000000
    endTime: 0.100000
    isLooped: false
    deltaVariation: 0.000000
    loopEndTime: 4.000000
    inheritPosition: false
    particleOrientation: 1
    activeLODS: [0, 1, 0, 0]
    effectFormat: 1
    force0: [0.000000, 1.000000, 1.000000]
