emitter:
    size: [1000.000000, 300.000000, 0.000000]
    name: "glow"
    type: "rect"
    emissionVectorInverted: true
    shortEffect: false
    emissionVector: [0.000000, 1.000000, 0.000000]
    emissionRange: 0.000000
layer0:
    name: "glow"
    enableFog: false
    sprite: "../../../../../../Data/Gfx/Particles/UI/o2_expGlowB"
    type: "layer"
    isLong: false
    layerType: "particles"
    blending: 3
    degradeStrategy: 0
    pivotPoint: [0.000000, 0.000000]
    loopVariation: 0.000000
    angle: 1.000000
    enableFrameBlend: false
    scaleVelocityBase: 1.000000
    forceCount: 1
    scaleVelocityFactor: 0.000000
    life: 12.000000
    number: 1.000000
    spinVariation: 3.000000
    size: [4.000000, 4.000000]
    sizeVariation: [5.000000, 5.000000]
    velocity: 3.000000
    velocityVariation: 3.000000
    spin: 3.000000
    randomSpinDirection: true
    angleVariation: 300.000000
    alphaOverLife: [0.000000, 0.000000, 0.100000, 0.680296, 0.330000, 0.500000, 0.444934, 0.000000, 0.557269, 0.767037, 0.834802, 0.533605, 1.000000, 0.000000]
    colorOverLife: [227.291824, 228.595322, 238.470810, 255.000000]
    frameOverLifeEnabled: false
    frameOverLifeFPS: 0.000000
    randomFrameOnStart: false
    loopSpriteAnimation: true
    deltaTime: 0.000000
    startTime: 0.000000
    endTime: 1000.000000
    isLooped: false
    deltaVariation: 0.000000
    loopEndTime: 100.000000
    inheritPosition: true
    particleOrientation: 1
    activeLODS: [1, 1, 1, 1]
    effectFormat: 1
    force0: [-1.500000, 0.000000, 0.000000]
