emitter:
    size: [4.000000, 0.000000, 1.000000]
    name: "debris"
    type: "rect"
    emissionVectorInverted: true
    shortEffect: false
    emissionAngle: 0.000000
    emissionVector: [0.000000, 0.000000, 1.000000]
    emissionRange: 60.000000
layer0:
    name: "debris1"
    enableFog: true
    sprite: "../../../../../Data/Gfx/Particles/alpha/flinders_one"
    type: "layer"
    isLong: false
    layerType: "particles"
    blending: 1
    degradeStrategy: 0
    pivotPoint: [0.000000, 0.000000]
    loopVariation: 0.000000
    angle: 0.000000
    enableFrameBlend: false
    scaleVelocityBase: 1.000000
    forceCount: 1
    scaleVelocityFactor: 0.000000
    life: 5.000000
    number: 40.000000
    spinVariation: 20.000000
    size: [0.050000, 0.100000]
    sizeVariation: [0.020000, 1.000000]
    velocity: 2.000000
    velocityVariation: 1.000000
    spin: 40.000000
    randomSpinDirection: true
    angleVariation: 360.000000
    colorOverLife: [85.000000, 80.821007, 69.673149, 255.000000]
    frameOverLifeEnabled: false
    frameOverLifeFPS: 0.000000
    randomFrameOnStart: false
    loopSpriteAnimation: true
    deltaTime: 0.000000
    startTime: 0.000000
    endTime: 0.100000
    isLooped: false
    deltaVariation: 0.000000
    loopEndTime: 6.000000
    inheritPosition: false
    particleOrientation: 1
    activeLODS: [1, 1, 0, 0]
    effectFormat: 1
    force0: [0.000000, 0.000000, -2.000000]
layer1:
    name: "debris2"
    enableFog: true
    sprite: "../../../../../Data/Gfx/Particles/alpha/flinders_one"
    type: "layer"
    isLong: false
    layerType: "particles"
    blending: 1
    degradeStrategy: 0
    pivotPoint: [0.000000, 0.000000]
    loopVariation: 0.000000
    angle: 0.000000
    enableFrameBlend: false
    scaleVelocityBase: 1.000000
    forceCount: 1
    scaleVelocityFactor: 0.000000
    life: 5.000000
    number: 40.000000
    spinVariation: 20.000000
    size: [0.050000, 0.050000]
    sizeVariation: [0.020000, 1.000000]
    velocity: 2.000000
    velocityVariation: 1.000000
    spin: 40.000000
    randomSpinDirection: true
    angleVariation: 360.000000
    colorOverLife: [85.000000, 81.000000, 69.000000, 255.000000]
    frameOverLifeEnabled: false
    frameOverLifeFPS: 0.000000
    randomFrameOnStart: false
    loopSpriteAnimation: true
    deltaTime: 0.000000
    startTime: 0.000000
    endTime: 0.100000
    isLooped: false
    deltaVariation: 0.000000
    loopEndTime: 6.000000
    inheritPosition: false
    particleOrientation: 1
    activeLODS: [1, 1, 0, 0]
    effectFormat: 1
    force0: [0.000000, 0.000000, -2.000000]
