emitter:
    size: [0.000000, 0.000000, 0.000000]
    name: "smoke1"
    type: "point"
    emissionVectorInverted: true
    shortEffect: false
    emissionAngle: 0.000000
    emissionVector: [1.000000, 0.000000, 0.500000]
    emissionRange: 30.000000
layer0:
    name: "smoke"
    enableFog: true
    sprite: "../../../../../Data/Gfx/Particles/alpha/explosion_smoke_white"
    type: "layer"
    isLong: false
    layerType: "particles"
    blending: 1
    degradeStrategy: 2
    pivotPoint: [0.000000, 0.000000]
    loopVariation: 0.000000
    angle: 90.000000
    enableFrameBlend: false
    scaleVelocityBase: 0.000000
    forceCount: 1
    scaleVelocityFactor: 0.000000
    life: 3.000000
    number: 150.000000
    spinVariation: 10.000000
    size: [1.000000, 1.000000]
    velocityVariation: 20.000000
    sizeOverLifeXY: [0.000000, [1.000000, 1.000000], 0.065300, [7.109500, 7.109500], 1.000000, [10.000000, 10.000000]]
    velocity: 7.000000
    velocityOverLife: [0.000000, 1.000000, 0.163200, 0.372300, 0.996500, 0.000000]
    spin: 10.000000
    randomSpinDirection: true
    angleVariation: 90.000000
    alphaOverLife: [0.000000, 0.000000, 0.043956, 0.000000, 0.379121, 0.926929, 0.990000, 0.000000]
    colorOverLife: [111.217896, 113.964981, 131.813217, 255.000000]
    frameOverLifeEnabled: false
    frameOverLifeFPS: 0.000000
    randomFrameOnStart: false
    loopSpriteAnimation: true
    deltaTime: 0.000000
    startTime: 0.000000
    endTime: 0.100000
    isLooped: false
    deltaVariation: 0.000000
    loopEndTime: 4.000000
    inheritPosition: false
    particleOrientation: 1
    activeLODS: [1, 1, 1, 1]
    effectFormat: 1
    force0: [0.000000, 1.000000, 1.000000]
