emitter:
    size: [0.000000, 0.000000, 0.000000]
    name: "spray"
    type: "point"
    emissionVectorInverted: true
    shortEffect: false
    emissionAngle: 0.000000
    emissionVector: [0.000000, 0.000000, 1.000000]
    emissionRange: 30.000000
layer0:
    name: "water"
    enableFog: true
    sprite: "../../../../../Data/Gfx/Particles/alpha/dust_water"
    type: "layer"
    isLong: false
    layerType: "particles"
    blending: 1
    degradeStrategy: 2
    pivotPoint: [0.000000, 0.000000]
    loopVariation: 0.000000
    enableFrameBlend: false
    scaleVelocityBase: 0.000000
    forceCount: 1
    scaleVelocityFactor: 0.000000
    life: 2.000000
    number: 400.000000
    spinVariation: 5.000000
    size: [3.000000, 3.000000]
    velocityVariation: 5.000000
    sizeOverLifeXY: [0.000000, [1.000000, 0.980800], 1.000000, [2.428000, 4.293400]]
    velocity: 2.000000
    velocityOverLife: [0.000000, 1.000000, 0.990000, 0.200000]
    spin: 5.000000
    randomSpinDirection: true
    alphaOverLife: [0.000000, 0.000000, 0.155000, 0.547700, 0.676400, 0.058400, 0.814000, 0.000000, 1.000000, 0.000000]
    frameOverLifeEnabled: true
    frameOverLifeFPS: 25.000000
    randomFrameOnStart: false
    loopSpriteAnimation: false
    deltaTime: 0.000000
    startTime: 14.000000
    endTime: 14.100000
    isLooped: false
    deltaVariation: 0.000000
    loopEndTime: 4.000000
    inheritPosition: false
    particleOrientation: 1
    activeLODS: [1, 1, 1, 1]
    effectFormat: 1
    force0: [0.000000, 0.000000, -10.000000]
