emitter:
    size: [0.000000, 0.000000, 0.000000]
    name: "dust_ground_l"
    type: "point"
    emissionVectorInverted: true
    shortEffect: false
    emissionAngle: 0.000000
    emissionVector: [0.000000, -0.010000, 0.000000]
    emissionRange: 1.000000
layer0:
    name: "Layer"
    enableFog: true
    sprite: "../../../../../../Data/Gfx/Particles/alpha/fog"
    type: "layer"
    isLong: false
    layerType: "particles"
    blending: 1
    degradeStrategy: 2
    pivotPoint: [0.000000, 0.000000]
    loopVariation: 0.000000
    angle: 90.000000
    enableFrameBlend: false
    scaleVelocityBase: 1.000000
    forceCount: 1
    scaleVelocityFactor: 0.000000
    life: 2.000000
    number:
        externalVariable: "Velosity"
        value_line: 20.000000
        modification_line: [0.000000, 0.000000, 0.994000, 1.000000]
    size: [1.250000, 1.250000]
    sizeOverLifeXY: [0.000000, [1.000000, 1.000000], 0.257900, [2.357700, 2.357700], 1.000000, [3.000000, 3.000000]]
    velocity: 0.010000
    spin: 40.000000
    randomSpinDirection: false
    angleVariation: 90.000000
    alphaOverLife: [0.000000, 0.000000, 0.100000, 0.731900, 0.990000, 0.000000]
    colorOverLife: [165.000000, 131.000000, 87.000000, 255.000000]
    frameOverLifeEnabled: false
    frameOverLifeFPS: 0.000000
    randomFrameOnStart: false
    loopSpriteAnimation: true
    deltaTime: 0.000000
    startTime: 0.000000
    endTime: 10000.000000
    isLooped: false
    deltaVariation: 0.000000
    loopEndTime: 0.000000
    inheritPosition: false
    particleOrientation: 1
    activeLODS: [0, 1, 0, 0]
    effectFormat: 1
    force0: [0.000000, 0.000000, 0.200000]
    forceOverLife0: [0.000000, 0.000000, 0.990000, 3.000000]
