emitter:
    size: [0.000000, 0.200000, 4.000000]
    name: "butterfly"
    type: "oncircle"
    emissionVectorInverted: true
    shortEffect: false
    emissionAngle: 0.000000
    emissionRange: 90.000000
    emissionVector: [0.000000, 0.000000, 0.010000]
    radius: 2.000000
layer0:
    name: "butterfly"
    enableFog: true
    sprite: "../../../../../Data/Gfx/Particles/28_rock_rc/butterfly"
    type: "layer"
    isLong: true
    layerType: "particles"
    blending: 1
    degradeStrategy: 0
    pivotPoint: [5.000000, 0.000000]
    loopVariation: 0.000000
    enableFrameBlend: false
    scaleVelocityBase: 1.000000
    scaleVelocityFactor: 0.000000
    life: 15.000000
    number: 200.000000
    spinVariation: [0.000000, 70.000000, 0.020000, 100.000000, 0.050000, 60.000000]
    size: [0.250000, 0.250000]
    sizeVariation: [0.050000, 0.050000]
    velocity: 1.000000
    spin: 70.000000
    randomSpinDirection: true
    alphaOverLife: [0.000000, 0.000000, 0.440000, 1.000000, 0.997500, 0.000000]
    colorOverLife: [255.000000, 246.700394, 5.976654, 255.000000]
    frameOverLifeEnabled: true
    frameOverLifeFPS: 30.000000
    randomFrameOnStart: false
    loopSpriteAnimation: true
    deltaTime: 0.000000
    startTime: 0.000000
    endTime: 0.050000
    isLooped: false
    deltaVariation: 0.000000
    loopEndTime: 100.000000
    inheritPosition: false
    particleOrientation: 1
    activeLODS: [0, 1, 1, 0]
    effectFormat: 1
