emitter:
    emissionAngleVariation: 160.000000
    name: "water1"
    type: "oncircle_edges"
    emissionVectorInverted: true
    shortEffect: false
    emissionAngle: 1.000000
    emissionRange: 0.000000
    emissionVector: [0.000000, 0.000000, 1.000000]
    radius: 9.000000
    size: [10.000000, 1.000000, 0.000000]
layer0:
    name: "water1"
    enableFog: false
    sprite: "../../../../../Data/Gfx/Particles/alpha/water"
    type: "layer"
    lifeVariation: 0.800000
    isLong: true
    layerType: "particles"
    blending: 1
    degradeStrategy: 0
    pivotPoint: [0.000000, 0.000000]
    loopVariation: 0.000000
    angle: 1.000000
    enableFrameBlend: false
    scaleVelocityBase: 1.000000
    scaleVelocityFactor: 0.100000
    life: 0.800000
    number: 400.000000
    size: [2.500000, 1.000000]
    sizeVariation: [2.500000, 7.000000]
    velocity: 2.000000
    velocityVariation: 18.000000
    velocityOverLife: [0.000000, 2.000000, 0.278000, 0.458394, 0.680000, 0.000000]
    randomSpinDirection: false
    angleVariation: 360.000000
    alphaOverLife: [0.000000, 0.000000, 0.130000, 0.770803, 0.470000, 1.000000, 0.990000, 0.000000]
    colorOverLife: [230.778214, 235.568085, 245.143967, 255.000000]
    frameOverLifeEnabled: false
    frameOverLifeFPS: 0.000000
    randomFrameOnStart: false
    loopSpriteAnimation: true
    deltaTime: 0.000000
    startTime: 0.000000
    endTime: 0.100000
    isLooped: false
    deltaVariation: 0.000000
    loopEndTime: 100.000000
    inheritPosition: false
    particleOrientation: 1
    activeLODS: [1, 1, 1, 1]
    effectFormat: 1
layer1:
    name: "water1 Clone"
    enableFog: false
    sprite: "../../../../../Data/Gfx/Particles/alpha/water"
    type: "layer"
    lifeVariation: 0.800000
    isLong: true
    layerType: "particles"
    blending: 3
    degradeStrategy: 0
    pivotPoint: [0.000000, 0.000000]
    loopVariation: 0.000000
    angle: 1.000000
    enableFrameBlend: false
    scaleVelocityBase: 1.000000
    scaleVelocityFactor: 0.150000
    life: 0.800000
    number: 400.000000
    size: [2.500000, 1.000000]
    sizeVariation: [2.500000, 7.000000]
    velocity: 2.000000
    velocityVariation: 17.000000
    velocityOverLife: [0.000000, 2.000000, 0.278000, 0.458394, 0.680000, 0.000000]
    randomSpinDirection: false
    angleVariation: 360.000000
    alphaOverLife: [0.000000, 0.000000, 0.460000, 0.200000, 0.990000, 0.000000]
    colorOverLife: [214.544739, 218.996109, 227.898834, 255.000000]
    frameOverLifeEnabled: false
    frameOverLifeFPS: 0.000000
    randomFrameOnStart: false
    loopSpriteAnimation: true
    deltaTime: 0.000000
    startTime: 0.000000
    endTime: 0.100000
    isLooped: false
    deltaVariation: 0.000000
    loopEndTime: 100.000000
    inheritPosition: false
    particleOrientation: 1
    activeLODS: [1, 1, 1, 1]
    effectFormat: 1
