emitter:
    size: [10.000000, 1.000000, 0.000000]
    name: "water"
    type: "rect"
    emissionVectorInverted: true
    shortEffect: false
    emissionVector: [0.000000, 0.000000, 1.000000]
    emissionRange: 0.000000
layer0:
    name: "water1"
    enableFog: true
    sprite: "../../../../../Data/Gfx/Particles/alpha/fog_white"
    type: "layer"
    isLong: false
    layerType: "particles"
    blending: 1
    degradeStrategy: 0
    pivotPoint: [0.000000, 0.000000]
    loopVariation: 0.000000
    angle: 1.000000
    enableFrameBlend: false
    scaleVelocityBase: 1.000000
    scaleVelocityFactor: 0.000000
    life: 0.400000
    number: 30.000000
    size: [6.000000, 6.000000]
    velocity: 2.000000
    velocityVariation: 1.000000
    randomSpinDirection: false
    angleVariation: 360.000000
    alphaOverLife: [0.000000, 0.000000, 0.440000, 0.373700, 0.990000, 0.000000]
    colorOverLife: [188.136185, 213.116730, 207.237350, 255.000000]
    frameOverLifeEnabled: false
    frameOverLifeFPS: 0.000000
    randomFrameOnStart: false
    loopSpriteAnimation: true
    deltaTime: 0.000000
    startTime: 0.000000
    endTime: 10.000000
    isLooped: false
    deltaVariation: 0.000000
    loopEndTime: 100.000000
    inheritPosition: false
    particleOrientation: 1
    activeLODS: [0, 1, 1, 0]
    effectFormat: 1
layer1:
    name: "water2"
    enableFog: true
    sprite: "../../../../../Data/Gfx/Particles/alpha/water_one"
    type: "layer"
    isLong: false
    layerType: "particles"
    blending: 3
    degradeStrategy: 0
    pivotPoint: [0.000000, 0.000000]
    loopVariation: 0.000000
    angle: 1.000000
    enableFrameBlend: false
    scaleVelocityBase: 1.000000
    scaleVelocityFactor: 0.000000
    life: 0.300000
    number: 30.000000
    size: [6.000000, 6.000000]
    velocity: 3.000000
    velocityVariation: 1.000000
    randomSpinDirection: false
    angleVariation: 360.000000
    alphaOverLife: [0.000000, 0.000000, 0.452000, 0.194393, 0.990000, 0.000000]
    colorOverLife: [159.859909, 181.085602, 176.085602, 255.000000]
    frameOverLifeEnabled: false
    frameOverLifeFPS: 0.000000
    randomFrameOnStart: false
    loopSpriteAnimation: true
    deltaTime: 0.000000
    startTime: 0.000000
    endTime: 10.000000
    isLooped: false
    deltaVariation: 0.000000
    loopEndTime: 100.000000
    inheritPosition: false
    particleOrientation: 1
    activeLODS: [0, 1, 1, 0]
    effectFormat: 1
